cin <-  c(1,2,3,445)